game(6045,[0.995902744871402,0.024632662033983167,0.00047756143999787623],[0.0,0.06450896607986584,0.029932970034699233],win).
game(55095,[0.08076185647836776,0.04247472735654356,1.0],[0.00278821040381236,0.10592321486726922,0.9905364886325494],win).
game(48742,[0.12508504365103768,0.03663034282611921,1.0],[0.008248356807462609,0.14643448203086096,1.0],win).
game(50839,[1.0,0.011886558846387785,0.2771149864985645],[0.9754032249846225,0.0,0.021677067384062373],win).
game(33310,[1.0,0.0,0.016374509787638658],[0.0021489492549041176,0.09597041763635852,0.9716982726771826],loss).
game(37285,[1.0,0.05584660712381084,0.06903591062587144],[0.0,0.10859333390126524,1.0],loss).
game(11312,[0.9746061796573113,0.15288650115002705,0.00925827184177829],[0.20121766676177658,0.04114066424417201,0.9758354839972917],loss).
game(31129,[0.0,0.03478029021330098,1.0],[0.0,0.1563704025585988,1.0],win).
game(3743,[0.0028864617927464517,0.07602466461630986,0.9992814422100569],[0.12491013091671843,0.06997462817216782,1.0],win).
game(11809,[0.13804815592063302,0.04121383454704386,1.0],[0.057907329504673415,0.0,0.9968309889109498],win).
game(58586,[1.0,0.11910916469165078,0.0],[0.020802961091852833,0.10768718830671156,0.003630465384829723],loss).
game(1403,[1.0,0.022568096295214723,0.19660773951540156],[0.012619292060242527,0.12961244366826863,0.00027924043486871633],win).
game(982,[0.971667036209213,0.06218078876894195,0.19587171583410132],[0.9765264666611126,0.05270368846235506,0.05814349371418308],win).
game(12040,[0.20878378813910484,0.0,0.9779289401011733],[1.0,0.17692611062637842,0.008769348672820754],loss).
game(56117,[0.02975716381033755,0.03756444809543946,1.0],[0.0,0.10736128027208536,0.993727238884544],win).
game(57931,[0.13666210966124626,0.01508016331528228,1.0],[0.0,0.07655113795820312,0.01006451355185539],loss).
game(54775,[0.9795514888098251,0.019966415151637853,0.056811389753784726],[0.0015868178081724878,0.11238010134081634,0.01066816293120179],loss).
game(14846,[0.0,0.024087253073867387,1.0],[0.15625423267320926,0.04637050453297353,1.0],win).
game(16835,[0.042879057086714766,0.30725590288043053,0.973964251557483],[0.005303571847828135,0.2093350104267758,0.951431562109805],win).
game(47422,[1.0,0.476190632181803,0.029945869277706372],[0.14025890705518762,0.0,1.0],win).
game(45075,[0.05675346178667706,0.024041993083072644,1.0],[0.3239373184265473,0.016424557397321453,0.9880133935009049],win).
game(13474,[1.0,0.15121210238448557,0.0],[0.026200799832334466,0.09232515829967511,0.0],loss).
game(48183,[0.06619803053414874,0.014891761581731555,1.0],[0.0,0.16112397998935002,1.0],win).
game(38162,[0.19557728891086779,0.0,1.0],[0.20003957284153703,0.008267790954121498,0.9626700491781065],win).
game(51369,[0.18303725265418386,0.0,0.9920033467453183],[0.052143238005115174,0.014289102623737612,0.9902290265314785],win).
game(43300,[0.014142251548172705,0.09190164335272298,0.9539067550811987],[0.9901517573410774,0.2970540221764907,0.0],loss).
game(6371,[1.0,0.21502834012183947,0.0],[0.9563840990378083,0.0,0.06979324388095122],win).
game(10458,[0.9906208786166124,0.018511935622563164,0.012602415490630108],[1.0,0.0,0.23827824166752798],win).
game(41266,[0.008283329279807605,0.13772907698177075,0.9513553671243776],[0.01828525368175977,0.34287824969432307,0.9764030229221068],win).
game(33369,[0.20162199041492723,0.0,1.0],[0.0028686057470448363,0.05096186545126449,0.000503320358920732],loss).
game(22412,[0.002960813517385863,0.03969005276090909,1.0],[0.07589423566764021,0.02461856238882032,0.9681062145597977],win).
game(56683,[0.2920572274834892,0.0043119102558749674,0.9713079996834368],[0.01841472582146997,0.0552600742850512,3.429948403534773e-05],loss).
game(24900,[0.019591839452231113,0.1616822870921622,0.984345868381694],[0.0,0.15622382868110737,0.034376291196040853],loss).
game(57356,[0.07965869042801275,0.0,0.9552346547868896],[0.02401471919523318,0.11324470365790575,0.002315741645160472],loss).
game(44446,[0.9634558283911598,0.005844365023879702,0.05910208191752702],[0.044466055294812554,0.2276473776966269,0.958035826161843],loss).
game(41315,[1.0,0.14496127176492735,0.005523283331459239],[0.0,0.20581203067273168,0.9650924408066335],win).
game(12479,[0.11211764257223837,0.0,0.9759230188010325],[0.12595738799999254,0.0010200303041083768,0.9523483248934305],win).
game(22478,[0.9888694194445999,0.025035008901897395,0.0],[0.0,0.022265729996077788,1.0],loss).
game(17960,[0.3059264094202856,0.0,1.0],[0.9900737795911542,0.10968513986957057,0.0],loss).
game(42277,[0.0,0.12240393353599635,0.9900899477396705],[1.0,0.06762715371867967,0.012389700221505762],win).
game(53707,[0.9905680775305657,0.0024640196976046876,0.035885450941942156],[0.0,0.47202166506072096,1.0],loss).
game(41446,[0.026758281998282896,0.4068944438734071,1.0],[0.04806434756763517,0.017701982841785386,0.9742471701903624],win).
game(6094,[1.0,0.0,0.3422567800960188],[0.9685578860335526,0.08198027001052309,0.0],win).
game(13544,[0.020005162720074163,0.08999882408535402,0.9975988326575105],[0.0,0.114089046950304,0.016988303603944616],loss).
game(35634,[0.0,0.01159325326576166,1.0],[0.057866647776767643,0.12038454098320639,1.0],win).
game(59723,[0.35278755549358376,0.030199537869818216,1.0],[0.0899415981250091,0.020315715908843388,0.998988859409488],win).
game(56912,[0.2323333062766153,0.001630025431413329,1.0],[0.0,0.309090630931996,0.9950065841727268],win).
game(5963,[0.0,0.0064732934902282935,1.0],[0.00856134526379354,0.13092011116328015,0.04922274261011518],loss).
game(36022,[0.9840941827087234,0.21209005824889215,0.0],[0.06465486739643045,0.0017227400722489294,1.0],win).
game(25364,[0.9927329833856138,0.13025948182379138,0.0013691142944664194],[0.17880293109746823,0.0,0.9909915661747579],loss).
game(51112,[0.9671532346099956,0.1669891376005622,0.05847275810061466],[0.12282862643769832,0.0,1.0],loss).
game(16441,[0.05834153248617624,0.13693740440579286,0.976259887808254],[0.0,0.43964752612959773,0.9679149024027465],win).
game(52182,[0.9527723374243965,0.0,0.039442867291027556],[0.9413490530444341,0.03184629684568325,0.07248493203508134],win).
game(9710,[0.15361847393657416,0.0061524693840534364,0.9809656009738423],[0.01237715613735466,0.08602377335896573,0.0],loss).
game(3622,[1.0,0.010651281575371208,0.015499061365167877],[0.012091586698330726,0.022348088256782576,0.9808986543066038],win).
game(55988,[0.015600473689793674,0.0,0.9930449628805705],[0.0,0.0957134469334784,0.013427139402000637],loss).
game(52088,[0.957382495946293,0.010154694251750371,0.2982158756561783],[0.21631708894923787,0.002439613684011659,0.9671258775518147],loss).
game(31971,[1.0,0.007040425360120173,0.19663348657407043],[0.12352667583218402,0.0,1.0],loss).
game(13217,[0.0,0.20137284380288012,1.0],[1.0,0.04184065102641066,0.3179115789449093],win).
game(2630,[0.3401489973957934,0.026033144596480404,0.9759746765446006],[0.0,0.07367009208253103,0.0038705817345061505],loss).
game(45276,[0.17468717222598007,6.391090591162385e-05,1.0],[0.987646731993993,0.11788582079824422,0.0],win).
game(14937,[0.13683731438722974,0.02889823244558087,0.970169463472958],[0.20477365203521708,0.014909947532338992,0.9762025767825598],win).
game(54833,[0.0,0.22647560771143826,1.0],[1.0,0.0,0.21683432342181508],win).
game(50396,[0.9830620885894609,0.3664284310957013,0.0],[0.0,0.4347233128803265,1.0],loss).
game(36549,[0.057440616680152545,0.08079052403335832,0.966115608967052],[0.004805630678649719,0.043837532219229085,0.0020002704924433623],loss).
game(25524,[0.0,0.05507219646988526,1.0],[0.9867940208137774,0.0,0.19644454388025082],loss).
game(10803,[0.9363447694073157,0.033205013367364596,0.16862320900146519],[0.0,0.14141943999632645,0.009396533485265797],loss).
game(24564,[0.04667959858750492,0.20267381180572097,1.0],[0.0,0.14189305300251798,1.0],win).
game(12590,[0.0,0.15102808399133671,1.0],[0.0027069492356841425,0.14732565322590968,0.0],loss).
game(21568,[0.11760538272481207,0.0,0.9758881856573636],[0.9489779820466306,0.023875075478589254,0.06808450231727041],loss).
game(33657,[0.010365789149302085,0.1813575073939574,1.0],[1.0,0.22838212362693255,0.058278232484946124],win).
game(48481,[0.0,0.2300151547979823,1.0],[0.0,0.07207518415703748,0.011858945935981063],loss).
game(21101,[0.021435580455638276,0.21885832431683858,0.9817237576342063],[0.9720337817669784,0.0,0.17232946197949991],loss).
game(8160,[0.0,0.11011524065872447,1.0],[0.0,0.13584998206322169,0.004874980717536137],loss).
game(36426,[0.9987248992927676,0.0,0.2784950376819133],[0.02242137573338276,0.19200500266154633,0.9908303179840163],loss).
game(6229,[0.04047782494455285,0.02568202597039068,0.9609436235786211],[0.0,0.12637381902672962,1.0],win).
game(54329,[0.9755723351748884,0.0,0.1859183124441287],[0.9603901525990882,0.00035023078951276515,0.04491832192110859],win).
game(48897,[0.0,0.023907984865209286,1.0],[0.0,0.10398702957302174,0.9819421060931732],win).
game(46144,[0.9587581577834807,0.0,0.04905764587896578],[0.007219728895203177,0.09869950394928549,0.03523439081928155],win).
game(40260,[0.08036221106324848,0.01573346758303018,1.0],[0.11923691504918504,0.04499800142557916,0.9716596998238907],win).
game(59,[0.0006752721889322633,0.10518091120245143,1.0],[0.004103644370444829,0.1324112793509578,0.01461385353356725],loss).
game(55967,[0.02335961609767867,0.03772770419597493,1.0],[0.016819542305656916,0.10784219913687583,0.0004295180638635484],loss).
game(16447,[0.9406764451782421,0.19222488662632206,0.0],[0.003946357350850376,0.08722294229153112,0.003010090553308052],loss).
game(54784,[0.9882066298636568,0.0,0.04676594194083184],[0.01421607010294535,0.08033775360666433,0.0008154000644571513],loss).
game(15692,[0.17078751115853474,0.004627732889609382,1.0],[1.0,0.017202391132773664,0.1478872293415896],win).
game(40052,[1.0,0.21234397450095965,0.0],[0.012184009298055323,0.09379105367228485,0.0012200523925387217],loss).
game(59954,[0.0,0.23727910434292618,0.9718912785056305],[0.9973599512699322,0.030391299407443267,0.1834413620797992],loss).
game(2667,[0.1292947416583704,0.007332386561447191,1.0],[0.008489542160949447,0.051457416269274255,0.0012029196728854917],loss).
game(8116,[0.02003346072518397,0.0,1.0],[1.0,0.0,0.1815784674192038],win).
game(23142,[0.0032393729749926603,0.2143887420929821,1.0],[0.0066550508571058455,0.1386308852490159,0.0007327262482672444],loss).
game(34531,[0.0,0.38393552347722154,0.9898085449904499],[0.0,0.1287307235906448,0.00197175164795787],loss).
game(41077,[0.01738935809499406,0.026704404244708574,0.991323068924561],[1.0,0.0,0.2180456770248309],win).
game(42871,[1.0,0.05240387922605827,0.0],[1.0,0.07377115575435556,0.0],win).
game(3734,[0.006419083151712357,0.0,1.0],[0.0,0.12011792773637381,0.016850884519513644],loss).
game(18659,[0.11261733060029044,0.020580065999845853,1.0],[0.2274266036349231,0.04075750830810845,0.9388028297430924],win).
game(2606,[0.059668808016381636,0.0440328291092309,1.0],[2.0410342713429002e-05,0.15754277547753803,0.03732592209691603],loss).
game(56941,[0.0,0.11790277243059749,0.9321496807366924],[0.0010299856819479163,0.11241595763462964,0.0031715599175054015],loss).
game(10365,[0.15386291781729833,0.005623090647709492,0.996742365841935],[0.0,0.1479466902652249,0.004278840006561477],loss).
game(39463,[0.0,0.06938653376254056,1.0],[0.03547146259665603,0.07084187270600083,0.9877532451699012],win).
game(54832,[0.01125532218239727,0.0061970743835042105,0.9659257152835584],[0.0,0.1602219388410043,0.9667037497015967],win).
game(35698,[0.026304449620843995,0.5512600267412491,1.0],[0.12760357337440953,0.000440344211377508,1.0],win).
game(23543,[1.0,0.11212032002191674,0.014453465395558807],[0.0,0.11676839735762118,0.00827841486251455],loss).
game(2525,[0.9811980229706544,0.0,0.030759920324455858],[0.017241896723726155,0.07601022995603418,0.0],win).
game(31663,[0.0,0.11547819779023392,0.9909048311575317],[1.0,0.025549607140915254,0.1655083652945024],loss).
game(47527,[0.9854223198443834,0.0,0.10329462502816433],[0.07510683506229396,0.0,0.9933484198996789],loss).
game(32562,[0.020969255062791792,0.157154938628002,1.0],[0.0,0.10307542818764004,1.0],win).
game(2791,[0.9936546260674736,0.2098630871541044,0.024305206594303488],[0.0,0.09428893329117827,1.0],loss).
game(3175,[0.9804129972296604,0.11357890559494296,0.025332036555385677],[0.0,0.12171395526110408,0.013263739337766848],win).
game(55825,[0.03976020638354549,0.1585226171820857,1.0],[0.1548282122736766,0.0,0.970023109757245],win).
game(57601,[0.018925225282047292,0.22540655316650493,0.9952100509231092],[0.0,0.06479201479221607,0.004531425311056244],loss).
game(7020,[0.9710153533393545,0.030648860517292213,0.06965568271744481],[0.9676957781149832,0.2942831650793101,0.018771748639373146],win).
game(2166,[0.1204793046317204,0.003196684873799214,0.9915295560222533],[0.0856643780143499,0.0033723500253768357,1.0],win).
game(48226,[0.9499560255857178,0.009861458374625511,0.07677298615415401],[0.007540048905316695,0.0976676682675252,0.005109651705468784],loss).
game(52741,[0.10266733398540616,0.05024092286800595,0.9718773825069184],[0.012829171509684904,0.1103439914004997,9.271734157131762e-05],loss).
game(41031,[0.05762786371387792,0.03613221273070528,0.9719143962063327],[0.9689847887236231,0.08275782969975058,0.034779190398379005],loss).
game(29718,[0.03188685945405002,0.0,0.9724166359657546],[1.0,0.0,0.10260436931894734],win).
game(25436,[0.2598597546769792,0.0,1.0],[0.1252511389590829,0.0,1.0],win).
game(30117,[1.0,0.0,0.16796857399553566],[0.08243161375142627,0.0,1.0],loss).
game(59820,[0.9971123083138466,0.20065613296509552,0.042556151692981936],[0.0,0.07264483532521337,1.0],loss).
game(38526,[0.30503215895009683,0.02058286385177209,0.9997631945861661],[0.9702416971002181,0.02490275610705531,0.06233240950868884],loss).
game(38232,[0.0,0.002408336401635072,0.9534081919832011],[0.9562170245731265,0.1308755169847502,0.0],win).
game(2045,[0.0,0.26723016588159076,1.0],[0.0,0.1458987324857885,0.9796218818546621],win).
game(59336,[0.008397233352671507,0.19947780806360116,1.0],[0.21624884775941586,0.050082678003736746,0.9907978473318821],win).
game(49068,[0.0,0.21155006523808942,0.9919041477985006],[1.0,0.0,0.11153689662931399],loss).
game(39138,[0.0,0.06365352525323612,0.9348618593253762],[0.021993353405195815,0.24118035997595266,1.0],win).
game(4160,[0.0,0.10651590235785058,1.0],[0.014762318877177926,0.12992500345934635,0.004458065842109089],loss).
game(7027,[0.0,0.11697561610023044,1.0],[0.09416126385877052,0.0,0.9992534704348269],win).
game(6757,[0.12146724986783752,0.0,1.0],[0.3043716525924587,0.04717883853889693,0.9989453780197162],win).
game(49817,[0.9521177476554626,0.18064853128407804,0.0],[1.0,0.0052576777993484924,0.0],win).
game(34493,[0.16890442711228693,0.019617828726285702,1.0],[0.0,0.17390639343624414,1.0],win).
game(11807,[0.1679648034327741,0.03508806885015847,1.0],[0.9924759451550995,0.021487073808887525,0.18131942455104727],win).
game(3295,[0.010501732980171319,0.11966335391827243,1.0],[0.005366719476903781,0.1374891957457678,0.005028758331743631],loss).
game(53101,[1.0,0.45421626464079257,0.0],[0.9939170298648402,0.048196788835137165,0.0545379942427652],win).
game(37950,[0.9551231536581153,0.25378629118409135,0.0],[0.006633489520245336,0.12820540111964132,0.008419918825705832],win).
game(17349,[0.00424426147090573,0.04812557717914645,1.0],[0.031224246898684988,0.08859023582132745,0.0020140808988820475],loss).
game(34911,[0.003852185717464502,0.1566823111187205,0.9578231672544617],[1.0,0.0,0.10332686838851135],loss).
game(5004,[0.9453630251657857,0.0,0.020485389585895464],[0.0,0.0801214527480084,0.0021172977737768995],loss).
game(59143,[0.0011599137253719338,0.0,0.9637829778684758],[0.10468736389148392,0.06784723815741978,1.0],win).
game(59427,[0.0,0.1836958519789249,1.0],[0.9635122523651147,0.21221396421165564,0.0],loss).
game(6900,[0.0442352989455993,0.0023557287142980114,0.9667925100524807],[0.026915863249483807,0.026490456373050364,1.0],win).
game(30145,[1.0,0.024826353702629644,0.0],[0.029210577692316088,0.10580810207411212,0.000807789895996812],loss).
game(13297,[0.16465811903733962,0.018553391720988133,1.0],[0.9521990605056141,0.3103947440915594,0.05698302059463921],loss).
game(26587,[1.0,0.0,0.2745160651526328],[0.36237439476968186,0.017638511473466633,0.96280772384016],loss).
game(19724,[1.0,0.05428474170555597,0.026829479409181345],[0.22103692088625282,0.0,0.9342910551102112],loss).
game(39542,[1.0,0.047510339208297836,0.0],[0.02558026116509576,0.10818474702276659,0.0],loss).
game(2878,[0.9841950352731225,0.0,0.17138768748553715],[0.23851991898361502,0.0,0.9574088786082868],loss).
game(4933,[1.0,0.033575465079496936,0.018355271347655577],[0.9644231370503451,0.0,0.1455521248292551],win).
game(20887,[0.1285426669009837,0.0,1.0],[0.11026832433902028,0.038884512304363274,0.9788303163486616],win).
game(44986,[1.0,0.0,0.055894370496994306],[0.9760541641073947,0.043381439701074664,0.16604624329293183],win).
game(28522,[1.0,0.039865933297488,0.20228232584792671],[0.0,0.3852638132118011,0.9508501875302573],loss).
game(59984,[0.0,0.04146899688131711,1.0],[0.028162183546124545,0.11379721935020749,0.0],loss).
game(31963,[0.0,0.08723994108044571,0.9331218996035741],[0.13481945383501373,0.0,0.9845692686643137],win).
game(56181,[0.3514774514126913,0.014351505842391383,0.9867122186601318],[0.031111476704956578,0.12156220588171522,0.003617656571313829],loss).
game(55175,[0.0525395785263818,0.0,1.0],[0.04042543590910456,0.0,0.9656818396865835],win).
game(12680,[0.04924188575239752,0.28850771390785146,1.0],[0.14527713270392406,0.05920155719562028,0.957540198975915],win).
game(27457,[1.0,0.0032137842745270095,0.052310530154170976],[1.0,0.007916423120306493,0.0011766361163124683],win).
game(1977,[0.12744398599228696,0.023599942325414205,0.999473966963296],[0.31811920998855037,0.0,1.0],win).
game(31633,[0.328087329651266,0.0,0.9371337687943306],[0.0,0.06490797267822566,0.9604166182737285],win).
game(6575,[0.011722899048639242,0.0,0.9904958715377811],[0.0,0.0732210544321463,0.0005913655332879369],loss).
game(57830,[1.0,0.010192677102579428,0.04290190547561923],[1.0,0.0,0.26962491106313635],win).
game(2791,[0.00850532324071769,0.0,0.9682829478048262],[0.132424916816544,0.053729520887867865,1.0],win).
game(21508,[0.02882345209418801,0.14996493033656946,0.9682257281637336],[1.0,0.02080559862546716,0.2692939665773505],win).
game(7393,[0.12923533335533532,0.02638437106956193,1.0],[0.041237233275293494,0.18185694563104882,1.0],win).
game(28108,[0.04955468182993001,0.19802908152286414,0.9877112621053624],[0.14598731851700053,0.0017949814856790427,0.9921215759991934],win).
game(27620,[0.2683408840603505,0.0,1.0],[0.9699951614454776,0.11553552749236698,0.042759336564030824],win).
game(13117,[1.0,0.28729162796654273,0.0],[0.21879860636560156,0.0,0.9991939823015982],win).
game(16080,[0.9648302814571476,0.08229590800168297,0.0],[0.007976281369476132,0.10279619130244443,0.0],loss).
game(40516,[0.9986591075183948,0.0,0.21227267401694036],[0.0401190057861347,0.32913589555118394,1.0],loss).
game(17685,[0.9828605516712186,0.17255437255048514,0.04064678686135989],[0.9581760254041667,0.0,0.116865289152554],win).
game(29937,[0.0,0.14956176290761128,0.9792945892143563],[0.976585946395744,0.3135962841063763,0.0],win).
game(27202,[1.0,0.09909385800598469,0.005806777809997388],[0.014858880802947727,0.21194293341729453,1.0],loss).
game(6008,[0.1479205856765905,0.06783292940854235,1.0],[0.9839986228512438,0.024058267592441566,0.0017554443669089525],win).
game(28743,[1.0,0.07140033463764206,0.10928046884509957],[0.0,0.06687465511090007,0.006331255138070637],loss).
game(53881,[0.9476981283433804,0.0003450038348281561,0.07596553135774477],[0.08478890754174567,0.0,0.9907282095774723],win).
game(14268,[0.0,0.16764987551208677,1.0],[0.21319590994988835,0.013610282794724649,1.0],win).
game(46058,[0.1151258792711245,0.01076680808153374,1.0],[0.9895613959708949,0.011412973085596887,0.12022704378527592],loss).
game(5667,[0.01390242428301236,0.16477949132885106,1.0],[0.9663133004343124,0.07580241833721352,0.0],loss).
game(54087,[0.0,0.02984122247569454,1.0],[0.0,0.09210475841782152,0.02614615434631364],loss).
game(54775,[0.08872190575364425,0.01720989113970106,1.0],[0.1252917488609735,0.0638535351013575,1.0],win).
game(48209,[1.0,0.042807435299155205,0.1770334233075479],[1.0,0.0,0.3148673726523281],win).
game(49594,[1.0,0.4404928923651634,0.0],[0.006970083061407366,0.23157288899381853,0.9486375392957094],win).
game(57317,[0.01113423984902584,0.07576636612087484,1.0],[0.0,0.12210347324630266,1.0],win).
game(2410,[0.011980174490940432,0.0,0.9989783341241802],[0.008312650676266638,0.1528944357531556,0.03973720068789881],loss).
game(33677,[0.21953834047185639,0.02373818151487459,0.9893759165928661],[1.0,0.07918177442248209,0.08261227263464788],win).
game(50237,[1.0,0.2872866382104241,0.02153985401536096],[1.0,0.0473815780551482,0.1401548160571161],win).
game(45921,[0.008606430836970299,0.25845022618030694,0.9733206464530012],[0.0,0.0919647433390092,0.0015242431216896993],loss).
game(59616,[0.0972748372620087,0.04499187417572015,1.0],[0.023604636213217074,0.11976050915082675,0.007820269555456923],loss).
game(174,[0.9699975490961865,0.0,0.011715555920987488],[0.0448353260135419,0.1375052573267984,1.0],loss).
game(26853,[0.3662351626502805,0.0,0.9505781043432758],[0.009000363996864456,0.08110725319634644,0.0],loss).
game(2066,[0.08540736926838272,0.03591341719558948,0.9793606529383678],[0.9735176808134411,0.0012639080044441822,0.5365042301141397],win).
game(18656,[1.0,0.01922392825051411,0.2887162044986864],[0.0,0.009656085281236404,1.0],loss).
game(6,[0.0,0.17588753364283294,1.0],[0.005326859350052726,0.05077892641503057,1.0],win).
game(3019,[0.0,0.22904474680539932,1.0],[0.015791521857522053,0.0934534004310749,0.0021921840511018886],loss).
game(57193,[1.0,0.0440893689439692,0.0],[1.0,0.0118783259452373,0.1839028405477744],win).
game(43490,[0.9721518122947135,0.09125664455110503,0.12280558693168861],[1.0,0.009024415035664535,0.21264069117712714],win).
game(28673,[0.34345082616066236,0.0,1.0],[0.0,0.1254812453265283,0.014081442961880013],loss).
game(59827,[0.9909869502499943,0.3619455574799242,0.0],[0.007595660549152258,0.15561902448204507,0.0],loss).
game(12407,[0.0,0.27124674275114646,1.0],[1.0,0.015059281346273878,0.13659121761338955],loss).
game(55121,[1.0,0.012489006724550222,0.06888545217834352],[0.011306582245594636,0.2839766425714842,0.9584064395277635],loss).
game(43316,[0.0,0.07073068218610556,1.0],[0.9949365157724338,0.028078041181871932,0.008673962460527903],loss).
game(6822,[1.0,0.20436128285406008,0.0],[0.01947489333603638,0.24804437246866579,0.9946821771673955],loss).
game(31084,[0.2715146301631245,0.015852636605273918,1.0],[0.013123124495795698,0.04542337572765526,0.00016981310178902992],loss).
game(3771,[0.9741539942369951,0.04206473802479609,0.01818560148639186],[0.010375634657424299,0.03338353323157291,0.0014149151750815821],loss).
game(36317,[1.0,0.295244828749781,0.009083212409061403],[1.0,0.015721256774872128,0.08783025734652383],win).
game(10915,[0.9572794941101906,0.034431363101125004,0.014629169322778664],[0.98090089656179,0.18552341455143195,0.0241656581729574],win).
game(25606,[1.0,0.23156885859251874,0.019830130593179618],[0.0,0.11447959265679047,0.005043842828523947],loss).
game(50061,[0.15059789011033853,0.005014668575453962,1.0],[1.0,0.10186741983165892,0.0],win).
game(39542,[0.9851947250108295,0.1820541010704075,0.0],[0.9996331742858441,0.0,0.11295112483816104],win).
game(21594,[0.9838206627950979,0.20004249171697788,0.0],[1.0,0.0,0.35605629437005604],win).
game(20589,[0.017156105972027436,0.07461379110601352,1.0],[0.9659241184447251,0.09819233712313093,0.011823703582318837],loss).
game(43701,[0.04930667812554468,0.0,1.0],[1.0,0.1192228979752824,0.0],win).
game(29451,[0.0,0.16054374351499306,0.9391437738602905],[0.001023084862651019,0.108728200281383,0.03903913400978031],loss).
game(16546,[1.0,0.12406405428095879,0.0],[0.010748839425527831,0.0863027946420566,0.006900503568371193],loss).
game(11634,[0.045592221135526856,0.1268449816062147,1.0],[0.0,0.06578190257147702,0.9909851535992398],win).
game(9136,[0.0,0.16486491829707609,0.9405216536276808],[1.0,0.01943355095009147,0.2765159705970658],loss).
game(35487,[0.9995480943672109,0.06012239819029313,0.03902436271043917],[0.002940804229309875,0.08231210462842817,0.01416028873533474],loss).
game(27985,[0.42567096959901995,0.0,1.0],[0.040034235772716614,0.17934657958186287,0.9956871206364003],win).
game(16392,[0.10030382091647416,0.0,0.9643558212092339],[0.0005748932987959572,0.10489709377282995,0.03667625505784049],loss).
game(7912,[1.0,0.0661233952105168,0.0],[0.0024087322489361887,0.08088951754482542,0.0],loss).
game(10366,[0.3088742799494095,0.006744911293262712,1.0],[0.1339448406096918,0.01755066672804775,0.9478180504624052],win).
game(10713,[0.9814301498970374,0.019132346334675226,0.0032887588387049923],[0.03186945257926791,0.2316627969251121,0.9991915000022034],loss).
game(20064,[0.09534384662669859,0.03308817389342256,1.0],[1.0,0.08949123188455987,0.017366319876223946],loss).
game(54876,[0.07430299273864759,0.03101280018971231,0.9891558338236344],[0.0008050297180809428,0.12704367772169528,0.0005802881714080449],loss).
game(55785,[0.08706636625955633,0.020673193471523854,1.0],[0.026676407821522752,0.11142831623137069,0.0],loss).
game(25981,[0.9398324175865866,0.0,0.39737067350390887],[0.017914741948035672,0.08230238607125975,0.0],loss).
game(14462,[0.9890229027352864,0.009753389641860585,0.23193530323123995],[1.0,0.017223242998299915,0.23675589760517235],win).
game(58973,[0.9660220322124785,0.07362409627472863,0.0],[1.0,0.0037905044851959113,0.0],win).
game(26176,[0.016283311947767203,0.0724467964342967,0.9897073181946353],[0.012085706081520119,0.08428887850380057,0.9968220960916263],win).
game(23204,[0.035457984875497964,0.12853116963298192,0.9692683390395728],[0.07096054713954149,0.015463162464590091,0.9963505053092315],win).
game(41352,[0.17190766130956392,0.00880709471089658,1.0],[0.9931025768824507,0.018888893264143843,0.0],win).
game(59686,[1.0,0.14134843806843145,0.0],[0.9898939070982411,0.0,0.30914972670585633],win).
game(3430,[0.15572828529429827,0.0,1.0],[0.0005368132752701512,0.0,0.9888957233771487],win).
game(26951,[0.9497723978083531,0.0,0.007377153459991867],[0.02197440819757862,0.07859359702296158,0.0015302251604559158],loss).
game(12680,[1.0,0.2444559578326222,0.006108307174070737],[0.0,0.08024274855617998,0.01591741276700969],loss).
game(10378,[0.06700784128340406,0.0062021429067518,0.9831317810296349],[0.20177486738752476,0.023111808998631977,0.9922026241306681],win).
game(24809,[0.9945277004677688,0.02724768189365515,0.0],[0.31088818488751013,0.0,0.9452014350607517],win).
game(53162,[1.0,0.0,0.15046783868908964],[0.006138359033062398,0.053929697223567045,0.0],loss).
game(15002,[1.0,0.04085181719884756,0.0],[0.003964714055897673,0.08428880070552162,0.021196895024095674],loss).
game(45511,[0.0,0.0949454083560699,1.0],[0.04445511374714382,0.3184279862236504,0.9889858868387463],win).
game(6977,[0.9926087516953086,0.0,0.13358234034030286],[0.9997780872572767,0.013217147153592864,0.06328501195323419],win).
game(52042,[0.0,0.02634545870419503,0.9944218640313132],[0.22366515331529754,0.0,0.9885397443711529],win).
game(9615,[1.0,0.033533795697628155,0.02368363469038104],[0.2759846902871109,0.008489596127254417,1.0],loss).
game(31877,[0.9987769813170969,0.0,0.0029345375114419037],[1.0,0.01002619501644253,0.09252590678008965],win).
game(32536,[1.0,0.0,0.2397107393196496],[1.0,0.05333838319523754,0.2225866779160658],win).
game(4815,[0.10592003356067847,0.03150972892002968,1.0],[0.0006568932833081153,0.12532326281025044,0.018552535764630538],loss).
game(52624,[0.12433836897345707,0.008979948800126305,0.9612787921939167],[0.023661795174735545,0.0,1.0],win).
game(50354,[0.13580269537789214,0.004333667552892884,1.0],[0.022443756939836405,0.0362116367327577,0.9596712796876964],win).
game(43347,[0.9871421674642376,0.23435907129699582,0.04631684156259847],[0.17660080499759467,0.03752195124790057,0.9944321129222478],win).
game(8,[0.03834158623713294,0.27711443119822654,0.9938537510340393],[0.969572391331688,0.0,0.18586013862864567],loss).
game(31033,[1.0,0.03786727108351051,0.24986289866169464],[0.982209616361283,0.0,0.13479126656912338],win).
game(10285,[0.018120826440106777,0.16976488764138084,0.9936777203741677],[1.0,0.4588369940873599,0.0],loss).
game(54982,[0.31532125329678906,0.02532239132765768,1.0],[0.00984529376785067,0.10244687772171047,0.0],loss).
game(57203,[0.9473438182746221,0.09560289552240625,0.0],[0.9513819702403694,0.3557771901798025,0.0],win).
game(7149,[0.9961415193463741,0.04738147830936014,0.20034531780626924],[0.9749651520008187,0.042106760319437074,0.14266456347745285],win).